2523.00
2551.00
2557.00
2594.00
2600.00
2622.00
2637.00
2637.00
2663.00
2665.00
2722.00
2733.00
2750.00
2750.00
2769.00
2769.00
2778.00
2782.00
2807.00
2821.00
2835.00
2835.00
2836.00
2863.00
2877.00
2877.00
2906.00
2920.00
2920.00
2920.00
2920.00
2948.00
2948.00
2977.00
2977.00
2977.00
2977.00
2992.00
3005.00
3033.00
3042.00
3062.00
3062.00
3062.00
3076.00
3076.00
3080.00
3090.00
3090.00
3090.00
3100.00
3104.00
3132.00
3147.00
3175.00
3175.00
3203.00
3203.00
3203.00
3225.00
3225.00
3232.00
3232.00
3234.00
3260.00
3274.00
3274.00
3303.00
3317.00
3317.00
3317.00
3321.00
3331.00
3374.00
3374.00
3402.00
3416.00
3430.00
3444.00
3459.00
3460.00
3473.00
3475.00
3487.00
3544.00
3572.00
3572.00
3586.00
3600.00
3614.00
3614.00
3629.00
3629.00
3637.00
3643.00
3651.00
3651.00
3651.00
3651.00
3699.00
3728.00
3756.00
3770.00
3770.00
3770.00
3790.00
3799.00
3827.00
3856.00
3860.00
3860.00
3884.00
3884.00
3912.00
3940.00
3941.00
3941.00
3969.00
3983.00
3997.00
3997.00
4054.00
4054.00
4111.00
4153.00
4167.00
4174.00
4238.00
4593.00
4990.00
709.00
1021.00
1135.00
1330.00
1474.00
1588.00
1588.00
1701.00
1729.00
1790.00
1818.00
1885.00
1893.00
1899.00
1928.00
1928.00
1928.00
1936.00
1970.00
2055.00
2055.00
2082.00
2084.00
2084.00
2100.00
2125.00
2126.00
2187.00
2187.00
2211.00
2225.00
2240.00
2240.00
2282.00
2296.00
2296.00
2301.00
2325.00
2353.00
2353.00
2367.00
2381.00
2381.00
2381.00
2395.00
2410.00
2410.00
2414.00
2424.00
2438.00
2442.00
2450.00
2466.00
2466.00
2466.00
2495.00
2495.00
2495.00
2495.00

