0.09052038 2.471537 0.2025682 0.1263628 1.099231
2.498435 0.4511255 2.199826 1.699648 2.440563
1.941075 0.3020337 0.01303813 2.154545 0.05111372
1.015797 0.9052672 0.3750631 0.01637743 6.536469
0.5324145 1.826765 1.147861 1.741552 0.09961286
0.7105902 1.695683 0.2467938 0.7250986 1.055659
0.9514254 3.642261 0.1388857 0.02782721 1.673158
1.437184 0.6797911 0.07980062 1.805153 0.4720422
0.4014568 0.03748437 2.672206 0.9421282 0.2030562
1.046172 0.5698076 1.842274 0.5444455 0.1529059
0.07388707 3.705404 0.04223437 0.4782437 3.670189
0.009800822 3.070007 1.158778 0.8973629 1.320769
1.122488 1.355721 0.06978281 0.8353382 0.3691832
0.3672684 3.556983 0.3542273 4.258165 0.1216568
0.004182925 1.485916 1.94392 0.645581 0.7154639
0.0209104 0.9128584 0.7763524 0.1397972 1.629452
