-0.01927206 0.7871744 0.1786838 -0.2580441 0.009392813
0.1959617 0.1774915 0.6615855 -0.4333829 1.345565
-0.3737571 0.495107 0.3101539 -0.4560815 -0.4457037
1.113105 0.5654412 -0.2786539 -0.03847279 2.119901
0.4057611 -0.4909865 -0.3300837 1.101057 0.1079906
2.209771 -1.332187 1.185625 -0.3354894 -0.7842526
-0.6549715 1.628383 -0.348394 0.8943114 0.1110948
-0.281159 0.02265723 -0.2302542 -1.376919 -0.04370065
-4.382321 0.5424059 0.2017001 0.5180036 6.304876
2.747775 0.2495708 0.9020858 2.475097 2.285611
1.888326 -0.2292302 0.5040948 -3.619634 1.571353
-0.4362536 -1.758642 -0.1490261 -0.4980721 -2.796797
0.1912154 2.695007 -0.9858482 0.2333299 2.172747
-1.504627 0.1188039 -0.3271966 3.209649 -0.00912377
-4.849471 1.562591 0.903297 0.6178244 0.476882
1.015089 -1.999232 0.7786315 1.511866 -1.077547
0.1470275 -2.202626 3.897343 -2.579132 -0.5524905
-0.2895788 0.1284769 0.4567329 2.214434 -0.157814
