13.75926 7.577394 4.874364 23.45415 13.76371
16.80587 25.37437 15.86408 6.835752 2.568999
8.706649 15.83694 4.337073 5.380663 2.559406
12.11822 5.294579 6.286524 10.02091 11.55482
6.829927 15.36514 20.17298 14.68063 19.13902
12.78383 -0.1634522 18.47205 14.88654 15.06926
3.717807 -2.394609 9.919645 4.659122 4.249348
4.355321 1.246304 17.50208 4.732949 17.79586
18.31588 7.260826 7.70921 7.694531 20.20445
5.055734 9.657394 4.922008 6.119982 8.039897
8.053723 5.36762 11.29442 13.91051 8.622654
2.412843 10.91124 12.94184 5.541536 -0.5325322
5.956677 1.910574 16.35884 3.158686 13.84704
11.38312 11.90309 7.68879 10.46092 11.51443
12.93492 6.58644 13.94567 11.02204 18.63349
9.321272 9.689357 4.859968 5.383649 12.24821
13.9432 14.68502 3.081174 10.49425 6.36912
4.789851 8.873415 6.513369 0.2352437 4.449096
6.186379 8.058175 5.842188 18.73618 18.04627
21.38007 5.555409 4.304889 9.901868 12.1104
