1.210927 0.9526322 0.5329565 0.6966693 2.133078
0.3468938 1.146877 1.467828 0.8127717 2.110371
0.6134309 1.198316 1.658495 1.092156 1.220142
0.4241775 1.31966 0.2711483 4.876039 0.6670034
1.618737 1.412693 2.195752 1.086123 0.9857772
0.7426446 0.9380454 1.230407 0.4492877 0.8251178
1.408178 1.096493 1.118212 2.164258 1.943938
0.465333 2.07515 0.200612 1.277076 1.113039
3.314012 1.12911 1.038697 1.17784 1.957905
0.9235021 0.8955575 2.000751 1.186131 2.606448
0.4161101 1.316715 0.3916605 0.7226815 4.110581
2.700045 2.218199 0.3811626 1.463488 2.033658
0.6463693 1.378511 0.4676715 4.026534 0.2259842
0.4729689 4.391574 2.40355 0.4553482 0.4505888
1.019566 0.1567616 3.787916 0.3405501 1.395784
4.458361 2.7484 0.3841791 3.338597 0.5563758
1.635632 1.230514 0.866233 1.343457 0.6174775
0.7703298 1.292288 5.928785 0.8811196 1.065472
1.766202 1.718877 2.301753 0.4759749 0.8129793
2.591598 0.8681447 1.310249 0.1286826 1.173003
2.142711 2.069548 0.7799331 0.386146 2.832538
0.1667252 1.164452 2.102175 0.473281 1.757946
0.5677698 0.3179236 2.457768 0.4937428 1.584557
5.147899 0.9798903 1.363115 0.602179 0.3495047
0.9254596 1.901608 5.298611 1.678462 0.3764937
2.458556 0.9895373 0.8986919 2.949591 0.9745358
4.4199 1.43274 0.6262775 0.8786424 0.3241441
0.9784989 1.154788 1.953275 0.7495716 3.61233
2.768823 1.039958 0.4916072 5.609793 0.3378296
1.141814 0.980777 1.987626 1.25375 1.936872
2.610297 0.4908196 0.3962903 0.6228625 2.405316
2.356832 2.733199 2.554067 1.366072 2.379365
1.16691 1.007018 0.2398977 0.7173759 0.7432373
0.7140779 0.9408713 1.537051 2.086488 2.749162
3.483992 1.981858 1.79394 1.75663 0.7555039
1.00178 0.5220977 1.608551 4.634429 0.6829513
0.6592896 0.3979005 0.5978323 0.6399281 0.7538767
1.663223 1.189258 1.140099 1.066096 0.2300518
1.734436 0.3364007 1.049534 0.5353457 0.5454408
1.02215 1.725171 4.107386 1.726296 2.914391
