-0.9898613 0.5140914 1.372274 -0.545592 -0.1797876
1.536128 -0.3991138 -0.8320881 0.1261474 0.4587234
-0.6882058 -0.2932698 -0.5333781 0.1529205 0.6083864
0.4583455 -0.2333891 -0.1538141 -0.9496374 -1.280915
2.098246 -0.4916299 1.209173 1.01268 0.12134
-0.924581 0.01868239 -1.433551 0.5443481 1.495055
0.1354405 1.03251 0.3596381 0.8829112 0.04581873
0.8258166 -0.5851917 0.3947302 2.392224 1.75955
-0.16114 -0.05150622 1.229784 0.07235088 0.06799433
-1.174826 -0.5971315 -0.15448 0.8633782 0.6188768
0.5887904 0.6309387 -0.2096238 0.2364398 2.028406
1.32159 -0.4249454 0.4961301 3.987151 -0.1511747
-0.001452296 1.250455 0.08975979 -1.068384 1.789963
-0.2469967 -1.344939 -0.6016339 0.2630996 1.114623
-1.000726 -1.032006 0.1942164 1.0103 -0.3397738
-0.08352319 -0.3208834 -0.6705107 -1.996005 0.3975436
-2.675413 0.1026102 0.2637758 -1.309492 2.444064
-1.07801 -0.1069205 -1.985653 0.5142722 -0.4743365
-0.3640473 -1.087796 0.8318749 1.621216 1.826314
1.517276 0.6693515 -0.7434454 0.8269169 -1.221922
