thromboglobulin= 
list("PRRP" = c(22., 25., 27., 30.5, 32.5, 34., 41., 41., 43.5, 43.5, 44.5, 44.5, 44.5, 48.5,
	50.5, 53., 55.5, 58.5, 58.5, 63.5, 68.5, 68.5, 68.5, 73.5, 80., 89.5,
	92., 101.5, 104., 119., 119., 124.5)
, "SDRP" = c(18., 22., 23.5, 25.5, 27.5, 29.5, 29.5, 31.5, 31.5, 33., 35.5, 35.5, 36.5,
	39., 43., 43., 43., 45., 46., 48.5, 49.5, 49.5, 52., 54., 56.5, 62.,
	65., 67.5, 69.5, 71.5, 72.5, 72.5, 76., 81.5, 95., 105., 106.5, 108.5,
	130., 190., 218.)
, "CTRP" = c(20., 23.5, 27., 32., 41., 44., 51., 53., 55.5, 58.5, 62.5, 62.5, 65., 67.,
	69.5, 72., 80., 88.5, 91., 138., 146.5, 160.5, 219.)
)
